x: 545.0330810546875
y: 468.2638244628906
