x: 538.50927734375
y: 559.4230346679688
