x: 603.0670776367188
y: 461.3154602050781
