x: 313.5621643066406
y: 589.1646728515625
